          Col42     Col44     Col26     Col43     Col25     Col40     Col41     Col30  ...     Col12      Col9     Col17      Col1     Col21     Col37     Col27     Col11
Col42  1.000000  0.877703  0.752852  0.780719  0.710082  0.450495  0.829906  0.415290  ...  0.133182  0.136932  0.243486  0.079524  0.131170  0.073450  0.217977  0.083967
Col44  0.877703  1.000000  0.750314  0.883061  0.710918  0.396498  0.801493  0.339134  ...  0.080288  0.088565  0.165738  0.037171  0.094756  0.103282  0.156903  0.027394
Col26  0.752852  0.750314  1.000000  0.657732  0.890052  0.324747  0.675723  0.360404  ...  0.062524  0.134901  0.237132  0.019525  0.128021 -0.079674  0.378106  0.047407
Col43  0.780719  0.883061  0.657732  1.000000  0.710804  0.380601  0.849442  0.325995  ...  0.108348  0.081728  0.105204  0.000055  0.114726  0.158684  0.138673  0.048740
Col25  0.710082  0.710918  0.890052  0.710804  1.000000  0.337242  0.743253  0.390732  ...  0.087802  0.216820  0.275585  0.064946  0.246393  0.019304  0.481713  0.105912
Col40  0.450495  0.396498  0.324747  0.380601  0.337242  1.000000  0.455036  0.839933  ...  0.259741  0.354610  0.486865  0.293084  0.115303  0.302821  0.273437  0.167632
Col41  0.829906  0.801493  0.675723  0.849442  0.743253  0.455036  1.000000  0.439563  ...  0.196492  0.193161  0.251085  0.067656  0.214393  0.188436  0.255714  0.172155
Col30  0.415290  0.339134  0.360404  0.325995  0.390732  0.839933  0.439563  1.000000  ...  0.282408  0.402182  0.452351  0.306593  0.102390  0.224278  0.322864  0.243208
Col6   0.666987  0.551609  0.578299  0.445398  0.522161  0.457176  0.585095  0.519610  ...  0.193345  0.199263  0.298846  0.211766  0.043908  0.007857  0.133124  0.101065
Col24  0.529101  0.535625  0.563747  0.461790  0.535392  0.349023  0.452073  0.276451  ...  0.117052  0.079730  0.046104  0.069989  0.220857 -0.082313  0.055653  0.031957
Col39  0.446725  0.421608  0.363359  0.442958  0.401892  0.813870  0.575576  0.699633  ...  0.192456  0.480088  0.579701  0.404436  0.243978  0.426019  0.389501  0.218572
Col15  0.621971  0.572041  0.633080  0.550940  0.703149  0.322979  0.671367  0.391211  ...  0.012203  0.315547  0.497351  0.119041  0.134390  0.102567  0.327542  0.061315
Col29  0.344880  0.282551  0.339170  0.298632  0.404089  0.748474  0.437931  0.874652  ...  0.208100  0.443235  0.496728  0.404868  0.194811  0.304048  0.359828  0.240453
Col14  0.442450  0.385579  0.370760  0.358132  0.384065  0.325120  0.415935  0.318029  ...  0.321953  0.154968  0.032321  0.079748  0.178648  0.031345  0.013411  0.221906
Col16  0.696773  0.600941  0.713429  0.510919  0.693001  0.384925  0.607156  0.465066  ...  0.012095  0.359260  0.427503  0.154754  0.042297  0.044215  0.337023  0.056177
Col4   0.192109  0.154437  0.147312  0.134210  0.168937  0.395085  0.164440  0.403189  ...  0.522215  0.312069  0.103869  0.361968  0.202562  0.170886  0.091049  0.387779
Col10  0.157219  0.134039  0.166425  0.083894  0.190793  0.467159  0.173855  0.525071  ...  0.556543  0.741550  0.551960  0.387242  0.150287  0.339065  0.271168  0.410749
Col22  0.206259  0.131676  0.247772  0.114839  0.242051  0.232509  0.202447  0.210514  ...  0.388211  0.184233  0.064670  0.096178  0.481552  0.121054  0.178348  0.233820
Col36  0.431582  0.344596  0.424032  0.300401  0.445653  0.662363  0.461167  0.745914  ...  0.229459  0.436420  0.642365  0.291402  0.093702  0.290608  0.459943  0.167092
Col23  0.458195  0.470004  0.510643  0.477339  0.587347  0.280701  0.506794  0.247875  ...  0.052039  0.145329  0.151763  0.043183  0.349781  0.045183  0.110752  0.067708
Col8   0.396101  0.318606  0.307359  0.250077  0.306732  0.609377  0.369545  0.624939  ...  0.163782  0.324386  0.557305  0.402308  0.081941  0.179481  0.256744  0.111803
Col2   0.070399  0.072950  0.043967 -0.000144  0.011561  0.464940  0.051890  0.472362  ...  0.427181  0.409771  0.289883  0.594818  0.081100  0.244496  0.103826  0.249526
Col13  0.464535  0.413337  0.435875  0.413393  0.507253  0.207177  0.505566  0.283263  ...  0.287959  0.265341  0.117505  0.040775  0.248457  0.091979  0.062404  0.309166
Col5   0.435943  0.362230  0.402582  0.370397  0.432974  0.206490  0.479817  0.273102  ...  0.082609  0.219211  0.231898  0.190589  0.055804 -0.018900  0.117242  0.055522
Col32  0.410497  0.363547  0.292218  0.313827  0.294684  0.313264  0.353565  0.359594  ...  0.518044  0.263840  0.052196  0.188170  0.242720  0.122570  0.137593  0.326536
Col34  0.324522  0.361188  0.241880  0.316453  0.197894  0.153221  0.226679  0.145046  ...  0.276073  0.134141 -0.049818 -0.015512  0.169269 -0.038313 -0.055163  0.082120
Col3   0.130812  0.104369  0.122663  0.085188  0.106647  0.236829  0.164519  0.233090  ...  0.352466  0.254620  0.156901  0.361351  0.164894  0.249765  0.084794  0.454717
Col33  0.178397  0.280876  0.169711  0.313535  0.186229  0.027331  0.242261  0.118353  ...  0.192634  0.067944 -0.053410  0.059801  0.215956  0.134994 -0.125676  0.180333
Col31  0.290564  0.286686  0.266540  0.266126  0.329189  0.313502  0.353620  0.417488  ...  0.396523  0.261880  0.057485  0.151364  0.324270  0.297020  0.180202  0.482545
Col28  0.250222  0.148329  0.419071  0.085209  0.359261  0.268901  0.198878  0.335233  ...  0.035482  0.136736  0.361491  0.049407  0.063686  0.066444  0.644690 -0.018338
Col38  0.056813  0.096662 -0.053012  0.127785 -0.006908  0.480046  0.154074  0.398894  ...  0.478501  0.405574  0.177502  0.208062  0.157482  0.729553  0.134091  0.356227
Col20  0.154491  0.092774  0.257181  0.089996  0.281127  0.281430  0.143430  0.309601  ...  0.265589  0.432735  0.187053  0.163331  0.409730  0.255842  0.347717  0.172811
Col19  0.180716  0.130403  0.300656  0.162157  0.424131  0.206396  0.266636  0.242612  ...  0.157624  0.455723  0.254725  0.113879  0.514433  0.349027  0.422294  0.262336
Col35  0.344720  0.270000  0.342043  0.237279  0.414671  0.575375  0.408514  0.664267  ...  0.149738  0.519289  0.773426  0.355329  0.209362  0.333128  0.554055  0.166181
Col7   0.195516  0.131094  0.137579  0.067888  0.150531  0.439435  0.196940  0.418813  ...  0.149719  0.538945  0.679184  0.573573  0.195330  0.360540  0.350618  0.234702
Col18  0.252871  0.190620  0.253030  0.123851  0.242225  0.492393  0.226484  0.491281  ...  0.154385  0.602128  0.828648  0.369460  0.067872  0.256576  0.394571  0.174696
Col12  0.133182  0.080288  0.062524  0.108348  0.087802  0.259741  0.196492  0.282408  ...  1.000000  0.412728  0.146002  0.183397  0.257494  0.282904  0.131077  0.692791
Col9   0.136932  0.088565  0.134901  0.081728  0.216820  0.354610  0.193161  0.402182  ...  0.412728  1.000000  0.627172  0.502529  0.278390  0.461254  0.338885  0.497640
Col17  0.243486  0.165738  0.237132  0.105204  0.275585  0.486865  0.251085  0.452351  ...  0.146002  0.627172  1.000000  0.409204  0.168253  0.291481  0.472452  0.235350
Col1   0.079524  0.037171  0.019525  0.000055  0.064946  0.293084  0.067656  0.306593  ...  0.183397  0.502529  0.409204  1.000000  0.155528  0.256045  0.123520  0.235350
Col21  0.131170  0.094756  0.128021  0.114726  0.246393  0.115303  0.214393  0.102390  ...  0.257494  0.278390  0.168253  0.155528  1.000000  0.278673  0.270457  0.287815
Col37  0.073450  0.103282 -0.079674  0.158684  0.019304  0.302821  0.188436  0.224278  ...  0.282904  0.461254  0.291481  0.256045  0.278673  1.000000  0.231973  0.342322
Col27  0.217977  0.156903  0.378106  0.138673  0.481713  0.273437  0.255714  0.322864  ...  0.131077  0.338885  0.472452  0.123520  0.270457  0.231973  1.000000  0.184756
Col11  0.083967  0.027394  0.047407  0.048740  0.105912  0.167632  0.172155  0.243208  ...  0.692791  0.497640  0.235350  0.235350  0.287815  0.342322  0.184756  1.000000

[44 rows x 44 columns]