Col42,Col44,Col26,Col43,Col25,Col40,Col41,Col30,Col6,Col24,Col39,Col15,Col29,Col14,Col16,Col4,Col10,Col22,Col36,Col23,Col8,Col2,Col13,Col5,Col32,Col34,Col3,Col33,Col31,Col28,Col38,Col20,Col19,Col35,Col7,Col18,Col12,Col9,Col17,Col1,Col21,Col37,Col27,Col11
1.0,0.8777031948232007,0.7528518760534783,0.7807186029934903,0.7100817822871069,0.45049494793239236,0.8299060707172907,0.41529047297382876,0.666987227483607,0.5291013695327108,0.44672542765267353,0.6219713333644573,0.34488011322011647,0.4424496071243787,0.6967734890577314,0.1921093585646385,0.15721911848467504,0.2062585668438848,0.4315823057675297,0.45819489669545466,0.39610132587513064,0.07039916894640068,0.46453495752310753,0.43594291351818754,0.4104973227157389,0.32452243744400155,0.13081189398653342,0.17839681994271686,0.29056441442468534,0.250222344185113,0.05681277307214249,0.15449122790575742,0.18071571062448524,0.34471989897375843,0.19551582687718702,0.25287094551508105,0.13318241897909971,0.13693176005881424,0.2434859610578311,0.0795236965461766,0.13116952503201681,0.07344955351210936,0.21797689298753542,0.08396746154139116
0.8777031948232007,1.0,0.7503142436942926,0.8830609726580594,0.710917760616015,0.39649756122463603,0.8014928185498988,0.3391340838307643,0.5516087184605764,0.5356252256456283,0.4216079216181545,0.5720406384479709,0.282551424993434,0.38557918038066413,0.6009411576476934,0.15443688814420126,0.13403888758390245,0.1316756222559648,0.34459566614872716,0.4700039208234509,0.31860620569306036,0.07294978897764634,0.41333699287624287,0.3622300885323847,0.3635469453816442,0.36118848133946535,0.10436940293782483,0.28087551464309896,0.2866855720180691,0.14832922463452902,0.09666231205772884,0.09277394668804517,0.1304030727117494,0.27000036823145773,0.13109389816695277,0.1906198293760481,0.08028787745594218,0.08856511237402621,0.16573755083601305,0.03717082657367086,0.09475620548449876,0.10328244714358184,0.15690310457718937,0.027394439920398875
0.7528518760534783,0.7503142436942926,1.0,0.6577321454996952,0.8900515812147897,0.3247469745374989,0.6757226874425335,0.360404381749253,0.5782990299885937,0.5637474591888876,0.3633586854807865,0.6330795268548339,0.3391704711547394,0.3707601406198809,0.7134293859301041,0.14731210226805372,0.16642504166224498,0.24777215510001283,0.4240321736614311,0.5106434274733834,0.30735855054233235,0.04396714779144459,0.4358748996853467,0.40258207689958925,0.292218368165535,0.2418804906167326,0.12266331591472843,0.16971095275017817,0.2665404746605247,0.41907083134342044,-0.05301248283303475,0.2571809991739078,0.3006563784365431,0.3420432002839412,0.13757916729865657,0.2530304535113655,0.06252425646248112,0.13490070462885334,0.2371319039099456,0.019524951503710197,0.12802076593732375,-0.07967433768527965,0.3781062698749978,0.04740731888034285
0.7807186029934903,0.8830609726580594,0.6577321454996952,1.0,0.710803950007723,0.3806007426286155,0.8494421757698785,0.3259951634759531,0.4453979013948928,0.46179028872239425,0.44295827426113554,0.5509401922465189,0.29863211901349485,0.3581315117180614,0.5109187432159142,0.13421024609505347,0.08389359562395608,0.1148391145869183,0.30040126932638783,0.47733899605457947,0.25007690331643856,-0.000144422011061735,0.4133929611051696,0.37039749196534644,0.31382718609659715,0.3164530250378198,0.08518792235901793,0.31353481830069335,0.26612643825296384,0.08520942473370752,0.12778483514709943,0.0899962320162851,0.16215741304845005,0.23727931924614318,0.06788820659847986,0.12385103097399033,0.10834800599651911,0.08172807700686611,0.10520396735286659,5.528893762995064e-05,0.11472609367840879,0.1586844193649201,0.1386728621063381,0.048740454341060994
0.7100817822871069,0.710917760616015,0.8900515812147897,0.710803950007723,1.0,0.3372421535208143,0.7432532842810544,0.3907324986805303,0.5221606723583216,0.5353924532987795,0.4018916306313911,0.7031488211932012,0.4040892671781634,0.3840649615891664,0.6930014913990672,0.16893680435966463,0.1907927093172617,0.24205059570901186,0.44565263807568145,0.5873471444870219,0.3067319631490157,0.01156068847018767,0.507252501497747,0.4329743249810478,0.29468447463470643,0.1978937060594312,0.10664682028519532,0.186228540007224,0.32918895115295727,0.35926095592756435,-0.006908267991872231,0.2811265532327042,0.42413100080779603,0.4146713920963764,0.15053087894482617,0.24222539859387024,0.08780247671870862,0.21681989064272628,0.27558526861721333,0.06494589463884617,0.2463931223945797,0.019303737521804965,0.48171287471262747,0.10591161577194151
0.45049494793239236,0.39649756122463603,0.3247469745374989,0.3806007426286155,0.3372421535208143,1.0,0.4550357968286401,0.8399334872007387,0.4571759708789932,0.3490228570796851,0.8138701891954343,0.3229788588861636,0.7484739817047733,0.3251202033760895,0.38492464326524073,0.3950850434800058,0.46715929957671587,0.23250944783369615,0.6623628417566134,0.280701250447875,0.6093765425477671,0.464940167267627,0.20717676486618666,0.20648983385324016,0.3132636658538554,0.15322063751677525,0.23682924352344759,0.02733063973293787,0.3135015916675318,0.268901053005829,0.48004568196342323,0.28143047127199433,0.2063960222345874,0.5753751887027164,0.43943451666340083,0.49239348065197086,0.2597408667189864,0.35460986196975675,0.4868654333599662,0.2930840577391914,0.11530253228645715,0.30282090957717667,0.2734369318635112,0.1676323219010914
0.8299060707172907,0.8014928185498988,0.6757226874425335,0.8494421757698785,0.7432532842810544,0.4550357968286401,1.0,0.43956296170656683,0.5850948630110905,0.4520727511191098,0.5755758859774764,0.6713667577674766,0.4379314111257638,0.41593474343484926,0.607156427762441,0.16443985754749585,0.1738550799937842,0.20244742623072837,0.46116698405786277,0.5067936892802072,0.3695454133207531,0.05189043655389119,0.5055663670386501,0.47981657911118325,0.35356507052830793,0.2266787865823863,0.16451906972276265,0.2422610409192281,0.35362044129775516,0.19887793840971205,0.15407368546866793,0.1434304167827556,0.2666358594479896,0.4085143865071443,0.19694030223143114,0.22648350814415075,0.1964920612722828,0.19316133612024647,0.2510847669907184,0.06765614940919855,0.2143931678997319,0.1884358698631284,0.2557143757988184,0.17215450087764497
0.41529047297382876,0.3391340838307643,0.360404381749253,0.3259951634759531,0.3907324986805303,0.8399334872007387,0.43956296170656683,1.0,0.5196102940360023,0.27645056764733067,0.6996326246044563,0.39121068800485603,0.8746515557930405,0.31802894129680787,0.4650660728044049,0.40318904660484123,0.5250711201216566,0.2105136061483291,0.7459138214444231,0.2478751155401065,0.624939036152722,0.4723615687811267,0.28326319682658546,0.2731024160606556,0.35959353899707586,0.1450459549120346,0.2330901255808004,0.11835343909802495,0.41748843916092215,0.3352333772909581,0.3988941675971582,0.30960137791746833,0.24261198315929744,0.6642666388889501,0.41881280239356716,0.4912805701188464,0.2824081469490586,0.40218214448814793,0.4523511877544565,0.30659324410277117,0.10238990490231079,0.22427823130341862,0.32286448442734234,0.2432084007766302
0.666987227483607,0.5516087184605764,0.5782990299885937,0.4453979013948928,0.5221606723583216,0.4571759708789932,0.5850948630110905,0.5196102940360023,1.0,0.39055346743593944,0.4067859243146059,0.5945918195357077,0.4210543875212155,0.4221472493826656,0.6674995999467829,0.25859278826725596,0.306467368181601,0.21077456693629212,0.4892319845548249,0.30726631676127875,0.6116365624889297,0.3221783918482857,0.40716741756285385,0.6736917256859652,0.33722478297102,0.2300425216866507,0.1637806096414354,0.1415370762405677,0.25494084163761294,0.22712044128900047,0.0822073605365978,0.16837047002975955,0.19357531124716768,0.3865629028758172,0.34198024104709734,0.30318828366523815,0.19334521294665166,0.1992630324179879,0.2988463939276987,0.21176646760298012,0.04390781177287005,0.007856778543337275,0.1331244410546285,0.10106504302576721
0.5291013695327108,0.5356252256456283,0.5637474591888876,0.46179028872239425,0.5353924532987795,0.3490228570796851,0.4520727511191098,0.27645056764733067,0.39055346743593944,1.0,0.28519454244468295,0.2991027742374779,0.21728912324546507,0.6355632678865972,0.340827496487759,0.31309338234558937,0.12888239304450352,0.31543130675808406,0.14491345134931963,0.7484854010748911,0.1651707460842646,0.1037812339983661,0.5000431754179712,0.2591930215986131,0.46424316372057384,0.47248588587088164,0.12660432374814942,0.25526479951015774,0.3144891967844296,0.03794508124024746,-0.005712775581970569,0.26970674003054745,0.21574786074516158,0.06837355263457633,0.015211630781517207,-0.0070435265946327714,0.1170519756360651,0.07972995454818059,0.04610433359568582,0.06998875498180665,0.2208568804771214,-0.08231296606412385,0.055653480964868426,0.03195680087422323
0.44672542765267353,0.4216079216181545,0.3633586854807865,0.44295827426113554,0.4018916306313911,0.8138701891954343,0.5755758859774764,0.6996326246044563,0.4067859243146059,0.28519454244468295,1.0,0.44421232078672857,0.7687763085451639,0.26739003524998173,0.43000753601045094,0.2762717654800515,0.42142333491724243,0.1602410279665037,0.6414773944949066,0.32705777043271844,0.5891924797664303,0.3475842259295145,0.22071393938874237,0.3442850147984067,0.2519509059622393,0.09190829041061149,0.2867459491424085,0.0958736305394266,0.3281653371717174,0.26662944829963786,0.39770182138835586,0.23518624575624106,0.28629923964541976,0.6567418555021968,0.6023813496997127,0.5473922808395347,0.19245618272156054,0.4800880979981233,0.5797012921522771,0.40443593987949095,0.2439777832116477,0.42601890919166974,0.3895007012879489,0.21857177434174355
0.6219713333644573,0.5720406384479709,0.6330795268548339,0.5509401922465189,0.7031488211932012,0.3229788588861636,0.6713667577674766,0.39121068800485603,0.5945918195357077,0.2991027742374779,0.44421232078672857,1.0,0.42333969815541356,0.3821907696390427,0.7905259881308462,-0.0035012457467382616,0.30087719690669185,0.12916061510765098,0.5143813209391539,0.4072632421701653,0.4127207237831667,-0.010632457052267329,0.5381568966219247,0.5478285370544393,0.14702880192784937,0.07444642364207911,0.0813404456584869,0.1875503976513129,0.23864790123672472,0.2654526851324708,-0.013213121582790706,0.16517858645935155,0.35253774290004064,0.5004705062692403,0.30467070951536435,0.3934399274441614,0.01220259427212198,0.3155471885197615,0.49735141553805207,0.11904068902332628,0.13438982878035732,0.10256650624401568,0.3275424935065941,0.06131457118476196
0.34488011322011647,0.282551424993434,0.3391704711547394,0.29863211901349485,0.4040892671781634,0.7484739817047733,0.4379314111257638,0.8746515557930405,0.4210543875212155,0.21728912324546507,0.7687763085451639,0.42333969815541356,1.0,0.30748386349620965,0.4376481776500381,0.32146773120367883,0.47019632281197216,0.21426530443566372,0.7389559803650501,0.26923144823402473,0.5907493934895369,0.40987095206471746,0.3273479867355431,0.29256280357964476,0.22886424199793712,-0.0058317993831971575,0.33022415663050825,0.1282492191196674,0.46810097141944357,0.3675150958094927,0.3722375575795428,0.2978569519295154,0.3044964218667886,0.7219134433938088,0.45253454443379393,0.5312198193026456,0.20809996722781388,0.4432347494482407,0.49672758523884475,0.40486751693192463,0.19481093500689345,0.304047942440305,0.35982828643802245,0.24045291823233184
0.4424496071243787,0.38557918038066413,0.3707601406198809,0.3581315117180614,0.3840649615891664,0.3251202033760895,0.41593474343484926,0.31802894129680787,0.4221472493826656,0.6355632678865972,0.26739003524998173,0.3821907696390427,0.30748386349620965,1.0,0.3595229915229736,0.407184221858348,0.25258757514114066,0.3400437080318955,0.19119293458000058,0.5114593602172844,0.15764179970914957,0.10408385926876507,0.7105444617920488,0.3081024597639733,0.5536048042129873,0.372902994089027,0.26111549367247444,0.33422431526675644,0.4940720734169129,-0.035074005338999736,0.12585615783521695,0.19822790535594795,0.17219864520375996,0.06334195718953621,-0.028874349888584755,-0.0009629757046257495,0.3219531496331277,0.15496787509859364,0.03232069832632885,0.07974809602164173,0.17864763991518157,0.03134521961349583,0.013411481557559824,0.2219061125013839
0.6967734890577314,0.6009411576476934,0.7134293859301041,0.5109187432159142,0.6930014913990672,0.38492464326524073,0.607156427762441,0.4650660728044049,0.6674995999467829,0.340827496487759,0.43000753601045094,0.7905259881308462,0.4376481776500381,0.3595229915229736,1.0,0.10511488083458255,0.308542925143855,0.17350970342162322,0.5759431194438843,0.30456073375799886,0.5106371887375705,0.11498920489155653,0.45385503760172546,0.4598540882880791,0.2288934940110339,0.13430424611296704,0.06090973876638615,0.08998583916597076,0.2206252571660258,0.38133010990211363,0.0492138922222243,0.27970969854874866,0.32482315350075,0.5073785008767977,0.3487885575779623,0.476609091706359,0.012095257278768617,0.3592602021838287,0.42750282968572373,0.15475412374259795,0.042297374299914134,0.04421542480292197,0.3370226711530043,0.05617698424552109
0.1921093585646385,0.15443688814420126,0.14731210226805372,0.13421024609505347,0.16893680435966463,0.3950850434800058,0.16443985754749585,0.40318904660484123,0.25859278826725596,0.31309338234558937,0.2762717654800515,-0.0035012457467382616,0.32146773120367883,0.407184221858348,0.10511488083458255,1.0,0.36120609996467673,0.24212692493474922,0.20624215147297367,0.1948037294647889,0.25336703264341176,0.4640163215555786,0.24379623953987017,0.11676266038505279,0.6138622650509791,0.351972067361513,0.6212075665283243,0.2728180549293084,0.45634858050354243,-0.01761868785432186,0.32331731084543025,0.26760782047669207,0.17334394024480185,0.15363814073723622,0.2368235571357772,0.05643509532877362,0.5222152224116544,0.3120692443077323,0.10386939638111092,0.3619679921783544,0.20256216822718168,0.17088636337957241,0.09104867679241811,0.3877794324233946
0.15721911848467504,0.13403888758390245,0.16642504166224498,0.08389359562395608,0.1907927093172617,0.46715929957671587,0.1738550799937842,0.5250711201216566,0.306467368181601,0.12888239304450352,0.42142333491724243,0.30087719690669185,0.47019632281197216,0.25258757514114066,0.308542925143855,0.36120609996467673,1.0,0.28267729782080303,0.5648734843545231,0.0790459237931703,0.43626743676510865,0.602293967704127,0.2800261417042729,0.17439558024702428,0.2702525689959894,0.14299503340757738,0.23843653982208968,0.048345023103923766,0.2795784345652357,0.23234144594284015,0.5265911162134809,0.46602837366492106,0.29773295833689156,0.4968863456170603,0.39362759545625525,0.618074502873482,0.5565428648957715,0.7415501321777896,0.5519596945236823,0.3872421488104231,0.150286881338293,0.3390649502601222,0.27116827686734446,0.410749053068516
0.2062585668438848,0.1316756222559648,0.24777215510001283,0.1148391145869183,0.24205059570901186,0.23250944783369615,0.20244742623072837,0.2105136061483291,0.21077456693629212,0.31543130675808406,0.1602410279665037,0.12916061510765098,0.21426530443566372,0.3400437080318955,0.17350970342162322,0.24212692493474922,0.28267729782080303,1.0,0.2769105813228403,0.18066826282680193,0.17512587730104393,0.18129201787177013,0.2795520680278737,0.05386442148785897,0.3388939368857672,0.14958975537983127,0.16044469611027332,0.05844117586900373,0.3107161772064985,0.35825541087073004,0.33426021597449673,0.5369229522636443,0.37998267156871574,0.10453836260597034,0.07788327971446686,0.12289485123933296,0.38821118515468817,0.18423335536338026,0.06467037457884545,0.09617762940963799,0.4815516125227842,0.12105447400325717,0.17834843315331175,0.23381965113104664
0.4315823057675297,0.34459566614872716,0.4240321736614311,0.30040126932638783,0.44565263807568145,0.6623628417566134,0.46116698405786277,0.7459138214444231,0.4892319845548249,0.14491345134931963,0.6414773944949066,0.5143813209391539,0.7389559803650501,0.19119293458000058,0.5759431194438843,0.20624215147297367,0.5648734843545231,0.2769105813228403,1.0,0.1506154117667784,0.7090841112509548,0.39353818748114966,0.22523085252012998,0.24011765450631833,0.21164494226199457,-0.032905332773257474,0.14619832382737183,0.011040728753104486,0.32000266702987296,0.5452698214656347,0.4045399930361569,0.31700537078977153,0.26529727952339216,0.844274804584695,0.4999200822129213,0.7352965526677228,0.22945905797931063,0.436419789815754,0.6423653646451437,0.29140240751655955,0.09370177973805656,0.2906079067035939,0.4599426655956244,0.1670918236980012
0.45819489669545466,0.4700039208234509,0.5106434274733834,0.47733899605457947,0.5873471444870219,0.280701250447875,0.5067936892802072,0.2478751155401065,0.30726631676127875,0.7484854010748911,0.32705777043271844,0.4072632421701653,0.26923144823402473,0.5114593602172844,0.30456073375799886,0.1948037294647889,0.0790459237931703,0.18066826282680193,0.1506154117667784,1.0,0.10452983509849031,-0.025517727439119443,0.577549289241558,0.27142168966966834,0.3175298313956523,0.3862825516355788,0.09686505425907606,0.3545579113339346,0.29748367086918026,0.01673455972711176,-0.026994058051732103,0.19005655975278798,0.363813510583843,0.18040754522142977,0.0446565144621428,0.012636271376982738,0.05203897938064066,0.14532930456333246,0.1517634574836331,0.04318266278315477,0.34978105454412944,0.04518346237973129,0.1107522686075543,0.06770770536965705
0.39610132587513064,0.31860620569306036,0.30735855054233235,0.25007690331643856,0.3067319631490157,0.6093765425477671,0.3695454133207531,0.624939036152722,0.6116365624889297,0.1651707460842646,0.5891924797664303,0.4127207237831667,0.5907493934895369,0.15764179970914957,0.5106371887375705,0.25336703264341176,0.43626743676510865,0.17512587730104393,0.7090841112509548,0.10452983509849031,1.0,0.5304700400103757,0.1636864654466398,0.3336140339452959,0.17314744967959142,0.012336528678505218,0.14621755451103147,-0.02429329505193947,0.15924312567334073,0.32643498791632525,0.2859683884708197,0.18302910703178482,0.16550636896647275,0.6217339401509795,0.6536547122586388,0.6330587787867881,0.1637818505959569,0.32438569546970636,0.5573045897024613,0.40230797452858624,0.08194077643434103,0.17948133662057122,0.2567443090270282,0.11180323057762301
0.07039916894640068,0.07294978897764634,0.04396714779144459,-0.000144422011061735,0.01156068847018767,0.464940167267627,0.05189043655389119,0.4723615687811267,0.3221783918482857,0.1037812339983661,0.3475842259295145,-0.010632457052267329,0.40987095206471746,0.10408385926876507,0.11498920489155653,0.4640163215555786,0.602293967704127,0.18129201787177013,0.39353818748114966,-0.025517727439119443,0.5304700400103757,1.0,0.020275095416421644,0.07284983865223094,0.24609725963382403,0.07626126465620303,0.2861154951383288,0.019614641539051608,0.1787031928115002,0.14852700711884692,0.4507451957120753,0.2611112274470653,0.10734139097136848,0.33336611606589667,0.398423742826366,0.36802566967127337,0.42718126540827245,0.40977114999211645,0.28988293446335395,0.5948184062715555,0.0810999370097378,0.24449636986424245,0.10382565637031808,0.24952635252326105
0.46453495752310753,0.41333699287624287,0.4358748996853467,0.4133929611051696,0.507252501497747,0.20717676486618666,0.5055663670386501,0.28326319682658546,0.40716741756285385,0.5000431754179712,0.22071393938874237,0.5381568966219247,0.3273479867355431,0.7105444617920488,0.45385503760172546,0.24379623953987017,0.2800261417042729,0.2795520680278737,0.22523085252012998,0.577549289241558,0.1636864654466398,0.020275095416421644,1.0,0.3867149439077628,0.38270230098545843,0.2553315711977008,0.2513392215778584,0.3431769809630602,0.4991049007712115,0.05294497398016458,0.07244741637856413,0.2034590249660936,0.3026198728751299,0.14403397922219396,0.04325731409648629,0.08313181908337294,0.28795920582283446,0.26534107446867083,0.11750495418621201,0.0407750331551746,0.2484572210933857,0.09197857964620529,0.06240374740718405,0.30916578093294517
0.43594291351818754,0.3622300885323847,0.40258207689958925,0.37039749196534644,0.4329743249810478,0.20648983385324016,0.47981657911118325,0.2731024160606556,0.6736917256859652,0.2591930215986131,0.3442850147984067,0.5478285370544393,0.29256280357964476,0.3081024597639733,0.4598540882880791,0.11676266038505279,0.17439558024702428,0.05386442148785897,0.24011765450631833,0.27142168966966834,0.3336140339452959,0.07284983865223094,0.3867149439077628,1.0,0.13680101902848538,0.10483025419228327,0.18235572585479728,0.09308486602988014,0.11779453312704555,0.036374060018945206,-0.0828012077026706,0.08697137774559117,0.19995515013658374,0.2811861325365514,0.2831622980949374,0.16280371634301627,0.08260937582790147,0.21921131973346,0.23189765253374187,0.19058877719772016,0.055804167746939755,-0.018899837378896642,0.1172416640227526,0.055522289661915775
0.4104973227157389,0.3635469453816442,0.292218368165535,0.31382718609659715,0.29468447463470643,0.3132636658538554,0.35356507052830793,0.35959353899707586,0.33722478297102,0.46424316372057384,0.2519509059622393,0.14702880192784937,0.22886424199793712,0.5536048042129873,0.2288934940110339,0.6138622650509791,0.2702525689959894,0.3388939368857672,0.21164494226199457,0.3175298313956523,0.17314744967959142,0.24609725963382403,0.38270230098545843,0.13680101902848538,1.0,0.7076112918399153,0.29886568654096024,0.4475962950525319,0.6230274498371166,0.022162923690507895,0.23602367423414852,0.22454355587181107,0.08917137328895357,0.15780045037343235,0.1490055600065898,0.00296081992325991,0.5180435864136165,0.26384027134349053,0.05219617267780157,0.18816969677033182,0.24272036287687598,0.12256967086352834,0.13759317884327227,0.3265358886350265
0.32452243744400155,0.36118848133946535,0.2418804906167326,0.3164530250378198,0.1978937060594312,0.15322063751677525,0.2266787865823863,0.1450459549120346,0.2300425216866507,0.47248588587088164,0.09190829041061149,0.07444642364207911,-0.0058317993831971575,0.372902994089027,0.13430424611296704,0.351972067361513,0.14299503340757738,0.14958975537983127,-0.032905332773257474,0.3862825516355788,0.012336528678505218,0.07626126465620303,0.2553315711977008,0.10483025419228327,0.7076112918399153,1.0,0.07363935443798868,0.6077529361573117,0.3413950143053921,-0.15594808569429183,0.05643012947060062,0.12149859791776303,-0.008822608263057174,-0.005735760908597839,0.008062948076103029,-0.11136557168114362,0.2760734757027349,0.134140853799133,-0.04981848989091071,-0.015512070715699936,0.16926903562884565,-0.03831336437295474,-0.055163205429677405,0.08211986187657222
0.13081189398653342,0.10436940293782483,0.12266331591472843,0.08518792235901793,0.10664682028519532,0.23682924352344759,0.16451906972276265,0.2330901255808004,0.1637806096414354,0.12660432374814942,0.2867459491424085,0.0813404456584869,0.33022415663050825,0.26111549367247444,0.06090973876638615,0.6212075665283243,0.23843653982208968,0.16044469611027332,0.14619832382737183,0.09686505425907606,0.14621755451103147,0.2861154951383288,0.2513392215778584,0.18235572585479728,0.29886568654096024,0.07363935443798868,1.0,0.26271471774105365,0.4549383914204032,0.05423667230705962,0.23543110826474004,0.09389552885158269,0.12397942497593986,0.15953611180633465,0.28724187997927353,0.10608521623733662,0.3524655592469777,0.2546201535845933,0.15690089272029,0.36135126876947465,0.1648940677672211,0.2497649746516688,0.08479362139371764,0.45471737543351154
0.17839681994271686,0.28087551464309896,0.16971095275017817,0.31353481830069335,0.186228540007224,0.02733063973293787,0.2422610409192281,0.11835343909802495,0.1415370762405677,0.25526479951015774,0.0958736305394266,0.1875503976513129,0.1282492191196674,0.33422431526675644,0.08998583916597076,0.2728180549293084,0.048345023103923766,0.05844117586900373,0.011040728753104486,0.3545579113339346,-0.02429329505193947,0.019614641539051608,0.3431769809630602,0.09308486602988014,0.4475962950525319,0.6077529361573117,0.26271471774105365,1.0,0.5370074182158363,-0.1688154297667525,0.034787883439642564,-0.07119425460237411,0.0451075239149379,0.08385595453424913,-0.019197453618899227,-0.11590412839395522,0.1926344926033953,0.06794399890199947,-0.05340961141209615,0.05980108645224477,0.2159558622437763,0.13499399278608273,-0.12567611162746345,0.18033265180026462
0.29056441442468534,0.2866855720180691,0.2665404746605247,0.26612643825296384,0.32918895115295727,0.3135015916675318,0.35362044129775516,0.41748843916092215,0.25494084163761294,0.3144891967844296,0.3281653371717174,0.23864790123672472,0.46810097141944357,0.4940720734169129,0.2206252571660258,0.45634858050354243,0.2795784345652357,0.3107161772064985,0.32000266702987296,0.29748367086918026,0.15924312567334073,0.1787031928115002,0.4991049007712115,0.11779453312704555,0.6230274498371166,0.3413950143053921,0.4549383914204032,0.5370074182158363,1.0,0.09464071946817033,0.3147648507365415,0.1666308064715688,0.21367734819154952,0.27346114878847194,0.10502870252969482,0.04599399648417717,0.39652293617856693,0.26188023565304697,0.05748464920692473,0.15136390495420188,0.3242701521747157,0.29701971261695315,0.1802022118150622,0.48254464254924007
0.250222344185113,0.14832922463452902,0.41907083134342044,0.08520942473370752,0.35926095592756435,0.268901053005829,0.19887793840971205,0.3352333772909581,0.22712044128900047,0.03794508124024746,0.26662944829963786,0.2654526851324708,0.3675150958094927,-0.035074005338999736,0.38133010990211363,-0.01761868785432186,0.23234144594284015,0.35825541087073004,0.5452698214656347,0.01673455972711176,0.32643498791632525,0.14852700711884692,0.05294497398016458,0.036374060018945206,0.022162923690507895,-0.15594808569429183,0.05423667230705962,-0.1688154297667525,0.09464071946817033,1.0,0.13606064432070406,0.3591432176957055,0.24835430187776922,0.4483671329360184,0.2623061367094434,0.49101519507832625,0.03548159268691692,0.13673590735189844,0.3614905591172841,0.04940652495062022,0.06368628762281921,0.06644368123130015,0.6446897122493284,-0.018337712387284502
0.05681277307214249,0.09666231205772884,-0.05301248283303475,0.12778483514709943,-0.006908267991872231,0.48004568196342323,0.15407368546866793,0.3988941675971582,0.0822073605365978,-0.005712775581970569,0.39770182138835586,-0.013213121582790706,0.3722375575795428,0.12585615783521695,0.0492138922222243,0.32331731084543025,0.5265911162134809,0.33426021597449673,0.4045399930361569,-0.026994058051732103,0.2859683884708197,0.4507451957120753,0.07244741637856413,-0.0828012077026706,0.23602367423414852,0.05643012947060062,0.23543110826474004,0.034787883439642564,0.3147648507365415,0.13606064432070406,1.0,0.47232486480224284,0.2529197083612587,0.26232421018096197,0.22274164681923586,0.27531946648011113,0.47850098818667824,0.4055735261706441,0.1775023205205875,0.2080619829004139,0.15748172580329262,0.7295525324237551,0.13409060373967535,0.35622747014090156
0.15449122790575742,0.09277394668804517,0.2571809991739078,0.0899962320162851,0.2811265532327042,0.28143047127199433,0.1434304167827556,0.30960137791746833,0.16837047002975955,0.26970674003054745,0.23518624575624106,0.16517858645935155,0.2978569519295154,0.19822790535594795,0.27970969854874866,0.26760782047669207,0.46602837366492106,0.5369229522636443,0.31700537078977153,0.19005655975278798,0.18302910703178482,0.2611112274470653,0.2034590249660936,0.08697137774559117,0.22454355587181107,0.12149859791776303,0.09389552885158269,-0.07119425460237411,0.1666308064715688,0.3591432176957055,0.47232486480224284,1.0,0.6765856898972326,0.2683212511879826,0.16323280865557546,0.23150721036017052,0.2655888444470282,0.4327352699253363,0.1870525378816376,0.1633312736445543,0.40973001151268434,0.25584203981800346,0.34771735803310216,0.1728105447182485
0.18071571062448524,0.1304030727117494,0.3006563784365431,0.16215741304845005,0.42413100080779603,0.2063960222345874,0.2666358594479896,0.24261198315929744,0.19357531124716768,0.21574786074516158,0.28629923964541976,0.35253774290004064,0.3044964218667886,0.17219864520375996,0.32482315350075,0.17334394024480185,0.29773295833689156,0.37998267156871574,0.26529727952339216,0.363813510583843,0.16550636896647275,0.10734139097136848,0.3026198728751299,0.19995515013658374,0.08917137328895357,-0.008822608263057174,0.12397942497593986,0.0451075239149379,0.21367734819154952,0.24835430187776922,0.2529197083612587,0.6765856898972326,1.0,0.34339005147727014,0.18916118607668073,0.18546739993067116,0.15762429801735808,0.45572255555868063,0.25472520749146205,0.11387899630690777,0.5144328949604486,0.34902664650459664,0.42229411710123216,0.2623359190124141
0.34471989897375843,0.27000036823145773,0.3420432002839412,0.23727931924614318,0.4146713920963764,0.5753751887027164,0.4085143865071443,0.6642666388889501,0.3865629028758172,0.06837355263457633,0.6567418555021968,0.5004705062692403,0.7219134433938088,0.06334195718953621,0.5073785008767977,0.15363814073723622,0.4968863456170603,0.10453836260597034,0.844274804584695,0.18040754522142977,0.6217339401509795,0.33336611606589667,0.14403397922219396,0.2811861325365514,0.15780045037343235,-0.005735760908597839,0.15953611180633465,0.08385595453424913,0.27346114878847194,0.4483671329360184,0.26232421018096197,0.2683212511879826,0.34339005147727014,1.0,0.6066972794120381,0.7264671326890383,0.14973786905689024,0.5192888772935075,0.7734264715127547,0.35532908757547893,0.20936176980399374,0.3331276538835277,0.5540551572758595,0.16618085588695464
0.19551582687718702,0.13109389816695277,0.13757916729865657,0.06788820659847986,0.15053087894482617,0.43943451666340083,0.19694030223143114,0.41881280239356716,0.34198024104709734,0.015211630781517207,0.6023813496997127,0.30467070951536435,0.45253454443379393,-0.028874349888584755,0.3487885575779623,0.2368235571357772,0.39362759545625525,0.07788327971446686,0.4999200822129213,0.0446565144621428,0.6536547122586388,0.398423742826366,0.04325731409648629,0.2831622980949374,0.1490055600065898,0.008062948076103029,0.28724187997927353,-0.019197453618899227,0.10502870252969482,0.2623061367094434,0.22274164681923586,0.16323280865557546,0.18916118607668073,0.6066972794120381,1.0,0.6147414664558281,0.14971934617732321,0.5389453672744757,0.679183826214169,0.5735729239829683,0.19532973176683746,0.3605402309110975,0.3506179138025688,0.23470216201367103
0.25287094551508105,0.1906198293760481,0.2530304535113655,0.12385103097399033,0.24222539859387024,0.49239348065197086,0.22648350814415075,0.4912805701188464,0.30318828366523815,-0.0070435265946327714,0.5473922808395347,0.3934399274441614,0.5312198193026456,-0.0009629757046257495,0.476609091706359,0.05643509532877362,0.618074502873482,0.12289485123933296,0.7352965526677228,0.012636271376982738,0.6330587787867881,0.36802566967127337,0.08313181908337294,0.16280371634301627,0.00296081992325991,-0.11136557168114362,0.10608521623733662,-0.11590412839395522,0.04599399648417717,0.49101519507832625,0.27531946648011113,0.23150721036017052,0.18546739993067116,0.7264671326890383,0.6147414664558281,1.0,0.1543853368067606,0.6021277987240952,0.8286476353303883,0.3694595059605799,0.06787248289819195,0.256575821841695,0.39457145559404366,0.17469551311040363
0.13318241897909971,0.08028787745594218,0.06252425646248112,0.10834800599651911,0.08780247671870862,0.2597408667189864,0.1964920612722828,0.2824081469490586,0.19334521294665166,0.1170519756360651,0.19245618272156054,0.01220259427212198,0.20809996722781388,0.3219531496331277,0.012095257278768617,0.5222152224116544,0.5565428648957715,0.38821118515468817,0.22945905797931063,0.05203897938064066,0.1637818505959569,0.42718126540827245,0.28795920582283446,0.08260937582790147,0.5180435864136165,0.2760734757027349,0.3524655592469777,0.1926344926033953,0.39652293617856693,0.03548159268691692,0.47850098818667824,0.2655888444470282,0.15762429801735808,0.14973786905689024,0.14971934617732321,0.1543853368067606,1.0,0.412727656474389,0.1460024560838634,0.18339719888731043,0.25749415895176153,0.28290415832329313,0.13107712121025886,0.6927905010846995
0.13693176005881424,0.08856511237402621,0.13490070462885334,0.08172807700686611,0.21681989064272628,0.35460986196975675,0.19316133612024647,0.40218214448814793,0.1992630324179879,0.07972995454818059,0.4800880979981233,0.3155471885197615,0.4432347494482407,0.15496787509859364,0.3592602021838287,0.3120692443077323,0.7415501321777896,0.18423335536338026,0.436419789815754,0.14532930456333246,0.32438569546970636,0.40977114999211645,0.26534107446867083,0.21921131973346,0.26384027134349053,0.134140853799133,0.2546201535845933,0.06794399890199947,0.26188023565304697,0.13673590735189844,0.4055735261706441,0.4327352699253363,0.45572255555868063,0.5192888772935075,0.5389453672744757,0.6021277987240952,0.412727656474389,1.0,0.6271718844004108,0.5025291611082531,0.2783895649220168,0.4612535988145094,0.3388853343425506,0.49763998966744794
0.2434859610578311,0.16573755083601305,0.2371319039099456,0.10520396735286659,0.27558526861721333,0.4868654333599662,0.2510847669907184,0.4523511877544565,0.2988463939276987,0.04610433359568582,0.5797012921522771,0.49735141553805207,0.49672758523884475,0.03232069832632885,0.42750282968572373,0.10386939638111092,0.5519596945236823,0.06467037457884545,0.6423653646451437,0.1517634574836331,0.5573045897024613,0.28988293446335395,0.11750495418621201,0.23189765253374187,0.05219617267780157,-0.04981848989091071,0.15690089272029,-0.05340961141209615,0.05748464920692473,0.3614905591172841,0.1775023205205875,0.1870525378816376,0.25472520749146205,0.7734264715127547,0.679183826214169,0.8286476353303883,0.1460024560838634,0.6271718844004108,1.0,0.4092043503008466,0.16825322722807076,0.29148089747375944,0.4724523158331845,0.23535024688259348
0.0795236965461766,0.03717082657367086,0.019524951503710197,5.528893762995064e-05,0.06494589463884617,0.2930840577391914,0.06765614940919855,0.30659324410277117,0.21176646760298012,0.06998875498180665,0.40443593987949095,0.11904068902332628,0.40486751693192463,0.07974809602164173,0.15475412374259795,0.3619679921783544,0.3872421488104231,0.09617762940963799,0.29140240751655955,0.04318266278315477,0.40230797452858624,0.5948184062715555,0.0407750331551746,0.19058877719772016,0.18816969677033182,-0.015512070715699936,0.36135126876947465,0.05980108645224477,0.15136390495420188,0.04940652495062022,0.2080619829004139,0.1633312736445543,0.11387899630690777,0.35532908757547893,0.5735729239829683,0.3694595059605799,0.18339719888731043,0.5025291611082531,0.4092043503008466,1.0,0.15552803851160724,0.2560446861871923,0.12352008991406663,0.23535049713678138
0.13116952503201681,0.09475620548449876,0.12802076593732375,0.11472609367840879,0.2463931223945797,0.11530253228645715,0.2143931678997319,0.10238990490231079,0.04390781177287005,0.2208568804771214,0.2439777832116477,0.13438982878035732,0.19481093500689345,0.17864763991518157,0.042297374299914134,0.20256216822718168,0.150286881338293,0.4815516125227842,0.09370177973805656,0.34978105454412944,0.08194077643434103,0.0810999370097378,0.2484572210933857,0.055804167746939755,0.24272036287687598,0.16926903562884565,0.1648940677672211,0.2159558622437763,0.3242701521747157,0.06368628762281921,0.15748172580329262,0.40973001151268434,0.5144328949604486,0.20936176980399374,0.19532973176683746,0.06787248289819195,0.25749415895176153,0.2783895649220168,0.16825322722807076,0.15552803851160724,1.0,0.2786728901755589,0.2704571464017528,0.28781527401830365
0.07344955351210936,0.10328244714358184,-0.07967433768527965,0.1586844193649201,0.019303737521804965,0.30282090957717667,0.1884358698631284,0.22427823130341862,0.007856778543337275,-0.08231296606412385,0.42601890919166974,0.10256650624401568,0.304047942440305,0.03134521961349583,0.04421542480292197,0.17088636337957241,0.3390649502601222,0.12105447400325717,0.2906079067035939,0.04518346237973129,0.17948133662057122,0.24449636986424245,0.09197857964620529,-0.018899837378896642,0.12256967086352834,-0.03831336437295474,0.2497649746516688,0.13499399278608273,0.29701971261695315,0.06644368123130015,0.7295525324237551,0.25584203981800346,0.34902664650459664,0.3331276538835277,0.3605402309110975,0.256575821841695,0.28290415832329313,0.4612535988145094,0.29148089747375944,0.2560446861871923,0.2786728901755589,1.0,0.23197325883512762,0.34232249660564035
0.21797689298753542,0.15690310457718937,0.3781062698749978,0.1386728621063381,0.48171287471262747,0.2734369318635112,0.2557143757988184,0.32286448442734234,0.1331244410546285,0.055653480964868426,0.3895007012879489,0.3275424935065941,0.35982828643802245,0.013411481557559824,0.3370226711530043,0.09104867679241811,0.27116827686734446,0.17834843315331175,0.4599426655956244,0.1107522686075543,0.2567443090270282,0.10382565637031808,0.06240374740718405,0.1172416640227526,0.13759317884327227,-0.055163205429677405,0.08479362139371764,-0.12567611162746345,0.1802022118150622,0.6446897122493284,0.13409060373967535,0.34771735803310216,0.42229411710123216,0.5540551572758595,0.3506179138025688,0.39457145559404366,0.13107712121025886,0.3388853343425506,0.4724523158331845,0.12352008991406663,0.2704571464017528,0.23197325883512762,1.0,0.18475644737256477
0.08396746154139116,0.027394439920398875,0.04740731888034285,0.048740454341060994,0.10591161577194151,0.1676323219010914,0.17215450087764497,0.2432084007766302,0.10106504302576721,0.03195680087422323,0.21857177434174355,0.06131457118476196,0.24045291823233184,0.2219061125013839,0.05617698424552109,0.3877794324233946,0.410749053068516,0.23381965113104664,0.1670918236980012,0.06770770536965705,0.11180323057762301,0.24952635252326105,0.30916578093294517,0.055522289661915775,0.3265358886350265,0.08211986187657222,0.45471737543351154,0.18033265180026462,0.48254464254924007,-0.018337712387284502,0.35622747014090156,0.1728105447182485,0.2623359190124141,0.16618085588695464,0.23470216201367103,0.17469551311040363,0.6927905010846995,0.49763998966744794,0.23535024688259348,0.23535049713678138,0.28781527401830365,0.34232249660564035,0.18475644737256477,1.0
